DSINValue {header: "4KIN", id: 3, data: [0, 0], child: Some(
    DSINValue { header: "DSIN", id: 101, data: [1, 0, 0, 0, 0, 2, 0, 0, 0, 1, 0, 0, 0, 8, 0, 0, 0, 53, 0, 46, 0, 51, 0, 46, 0, 48, 0, 46, 0, 54, 0, 52, 0], child: Some(
        DSINValue { header: "DSIN", id: 106, data: [1, 0, 0, 0, 2, 0, 0, 0], child: Some(
            DSINValue { header: "DSIN", id: 1, data: [1, 0, 0, 0], child: None }) }) }) }

DSINValue { header: "4KIN", id: 3, data: [0, 0], child: Some(
    DSINValue { header: "DSIN", id: 101, data: [1, 0, 0, 0, 0, 2, 0, 0, 0, 1, 0, 0, 0, 10, 0, 0, 0, 53, 0, 46, 0, 51, 0, 46, 0, 48, 0, 46, 0, 54, 0, 52, 0, 54, 0, 52, 0], child: Some(
        DSINValue { header: "DSIN", id: 106, data: [1, 0, 0, 0, 2, 0, 0, 0], child: Some(
            DSINValue { header: "DSIN", id: 1, data: [1, 0, 0, 0], child: None }) }) }) }

DSINValue { header: "DSIN", id: 108, data: [1, 0, 0, 0, 2, 0, 0, 0, 1, 0, 0, 0, 0, 0, 0, 0, 23, 0, 0, 0, 67, 0, 105, 0, 110, 0, 101, 0, 109, 0, 97, 0, 116, 0, 105, 0, 99, 0, 32, 0, 83, 0, 111, 0, 117, 0, 110, 0, 100, 0, 32, 0, 69, 0, 102, 0, 102, 0, 101, 0, 99, 0, 116, 0, 115, 0, 0, 0, 0, 0, 0, 0, 0, 0, 0, 0, 0, 0, 0, 0, 0, 0, 255, 255, 255, 255, 255, 255, 255, 255, 0, 0, 0, 0, 0, 0, 0, 0, 0, 0, 0, 0, 0, 0, 0, 0, 1, 0, 0, 0, 1, 0, 0, 0, 1, 0, 0, 0, 7, 0, 0, 0, 75, 0, 111, 0, 110, 0, 116, 0, 97, 0, 107, 0, 116, 0, 1, 0, 0, 0, 17, 0, 0, 0, 75, 0, 111, 0, 110, 0, 116, 0, 97, 0, 107, 0, 116, 0, 73, 0, 110, 0, 115, 0, 116, 0, 114, 0, 117, 0, 109, 0, 101, 0, 110, 0, 116, 0, 0, 0, 0, 0, 7, 0, 0, 0, 7, 0, 0, 0, 92, 0, 64, 0, 99, 0, 111, 0, 108, 0, 111, 0, 114, 0, 1, 0, 0, 0, 48, 0, 17, 0, 0, 0, 92, 0, 64, 0, 100, 0, 101, 0, 118, 0, 105, 0, 99, 0, 101, 0, 116, 0, 121, 0, 112, 0, 101, 0, 102, 0, 108, 0, 97, 0, 103, 0, 115, 0, 1, 0, 0, 0, 49, 0, 11, 0, 0, 0, 92, 0, 64, 0, 115, 0, 111, 0, 117, 0, 110, 0, 100, 0, 116, 0, 121, 0, 112, 0, 101, 0, 1, 0, 0, 0, 55, 0, 7, 0, 0, 0, 92, 0, 64, 0, 116, 0, 101, 0, 109, 0, 112, 0, 111, 0, 1, 0, 0, 0, 48, 0, 6, 0, 0, 0, 92, 0, 64, 0, 118, 0, 101, 0, 114, 0, 108, 0, 5, 0, 0, 0, 49, 0, 46, 0, 55, 0, 46, 0, 52, 0, 6, 0, 0, 0, 92, 0, 64, 0, 118, 0, 101, 0, 114, 0, 109, 0, 5, 0, 0, 0, 49, 0, 46, 0, 55, 0, 46, 0, 52, 0, 7, 0, 0, 0, 92, 0, 64, 0, 118, 0, 105, 0, 115, 0, 105, 0, 98, 0, 1, 0, 0, 0, 48, 0], child: Some(
    DSINValue { header: "DSIN", id: 1, data: [1, 0, 0, 0], child: None }) }

DSINValue { header: "DSIN", id: 116, data: [1, 0, 0, 0, 0], child: Some(
    DSINValue { header: "DSIN", id: 115, data: [1, 0, 0, 0, 1, 249, 21, 0, 0, 227, 6, 0, 0, 2, 249, 21, 0, 96, 0, 0, 1, 32, 5, 3, 104, 115, 105, 110, 64, 7, 64, 0, 16, 236, 45, 241, 145, 80, 188, 77, 65, 150, 225, 243, 234, 177, 112, 169, 185, 24, 64, 20, 32, 0, 3, 68, 83, 73, 78, 64, 35, 224, 7, 3, 64, 0, 64, 27, 0, 109, 32, 8, 1, 165, 21, 32, 4, 32, 0, 64, 35, 224, 3, 83, 16, 133, 80, 123, 32, 131, 101, 250, 65, 128, 123, 202, 101, 202, 228, 29, 250, 117, 160, 39, 192, 55, 64, 47, 224, 23, 103, 64, 35, 0, 45, 160, 55, 192, 43, 224, 22, 0, 3, 63, 0, 0, 125, 32, 3, 0, 128, 160, 3, 6, 0, 63, 186, 158, 255, 62, 0, 224, 0, 15, 64, 23, 3, 0, 63, 166, 48, 64, 39, 64, 11, 0, 112, 224, 0, 39, 96, 15, 1, 128, 145, 32, 43, 64, 11, 96, 0, 0, 63, 32, 5, 224, 9, 3, 2, 64, 65, 63, 160, 23, 3, 0, 0, 128, 153, 192, 47, 64, 19, 64, 0, 64, 7, 224, 2, 3, 0, 163, 32, 31, 9, 29, 63, 0, 128, 139, 62, 0, 192, 56, 63, 32, 32, 224, 6, 3, 64, 131, 64, 0, 192, 7, 64, 31, 1, 196, 62, 128, 7, 64, 11, 192, 3, 64, 31, 224, 3, 3, 224, 3, 23, 96, 11, 224, 22, 0, 224, 3, 59, 64, 11, 224, 39, 0, 4, 176, 61, 0, 0, 178, 32, 3, 0, 182, 32, 3, 0, 180, 32, 3, 64, 67, 224, 3, 3, 96, 131, 224, 6, 219, 192, 15, 64, 39, 192, 11, 224, 0, 7, 224, 2, 0, 96, 31, 224, 6, 0, 0, 27, 33, 3, 0, 29, 160, 3, 0, 30, 32, 7, 224, 3, 55, 0, 131, 64, 15, 32, 0, 96, 55, 224, 6, 115, 1, 128, 63, 66, 51, 2, 5, 5, 1, 98, 47, 64, 11, 6, 2, 0, 0, 0, 128, 0, 0, 96, 3, 1, 5, 0, 96, 0, 0, 128, 32, 64, 64, 3, 192, 60, 0, 64, 32, 68, 64, 3, 128, 60, 64, 52, 1, 60, 0, 128, 7, 224, 39, 11, 224, 36, 108, 224, 14, 44, 96, 0, 32, 145, 64, 0, 64, 149, 1, 0, 52, 32, 3, 224, 29, 89, 0, 2, 96, 48, 224, 32, 89, 0, 80, 96, 89, 64, 227, 64, 3, 64, 243, 64, 0, 64, 11, 0, 2, 32, 8, 224, 3, 15, 0, 7, 32, 15, 192, 0, 0, 1, 64, 32, 5, 0, 192, 0, 0, 0, 64, 128, 10, 96, 49, 0, 11, 32, 7, 11, 84, 69, 83, 84, 83, 84, 82, 73, 78, 71, 49, 23, 32, 14, 5, 80, 82, 69, 70, 73, 88, 224, 2, 20, 2, 83, 85, 70, 32, 16, 64, 62, 0, 51, 64, 4, 0, 52, 64, 4, 0, 53, 64, 4, 0, 54, 64, 4, 0, 55, 64, 4, 1, 56, 4, 32, 56, 64, 0, 3, 85, 85, 41, 65, 64, 133, 64, 0, 0, 255, 32, 0, 64, 7, 192, 9, 0, 8, 32, 9, 0, 0, 192, 40, 0, 0, 32, 239, 1, 3, 0, 128, 0, 32, 39, 224, 4, 40, 64, 0, 32, 18, 32, 19, 0, 9, 64, 10, 224, 37, 50, 0, 10, 224, 7, 50, 224, 15, 142, 64, 250, 194, 90, 224, 0, 99, 224, 19, 191, 0, 13, 32, 39, 224, 0, 40, 0, 0, 224, 28, 191, 1, 14, 0, 32, 0, 224, 37, 191, 0, 15, 32, 49, 224, 4, 50, 224, 15, 191, 0, 16, 32, 39, 224, 36, 191, 0, 18, 32, 47, 224, 4, 89, 225, 25, 127, 0, 19, 32, 49, 224, 38, 50, 0, 20, 32, 49, 224, 4, 50, 64, 191, 3, 184, 30, 69, 63, 33, 208, 33, 209, 64, 0, 32, 8, 32, 9, 102, 32, 163, 218, 98, 139, 64, 0, 129, 43, 0, 64, 34, 166, 1, 32, 65, 224, 25, 158, 1, 33, 0, 32, 0, 128, 50, 0, 0, 97, 186, 224, 25, 50, 0, 34, 32, 41, 224, 0, 50, 0, 0, 33, 196, 64, 158, 64, 0, 32, 147, 32, 148, 64, 0, 32, 8, 32, 9, 0, 35, 64, 10, 66, 35, 128, 95, 224, 31, 146, 1, 36, 0, 32, 0, 128, 50, 224, 31, 146, 0, 37, 32, 41, 224, 0, 50, 0, 0, 224, 18, 146, 1, 38, 0, 32, 0, 192, 91, 192, 7, 0, 0, 224, 18, 48, 1, 40, 0, 32, 0, 224, 27, 40, 0, 41, 32, 39, 1, 0, 1, 192, 41, 192, 7, 0, 0, 224, 18, 90, 1, 42, 0, 32, 0, 224, 27, 40, 0, 43, 32, 39, 1, 0, 1, 33, 82, 96, 0, 32, 11, 97, 95, 68, 52, 96, 16, 32, 0, 192, 69, 227, 19, 123, 0, 28, 32, 55, 98, 36, 32, 47, 224, 4, 0, 192, 60, 0, 0, 224, 18, 171, 1, 29, 0, 32, 0, 224, 1, 40, 0, 192, 225, 16, 243, 1, 30, 0, 32, 0, 224, 1, 40, 226, 17, 28, 1, 31, 0, 32, 0, 224, 27, 40, 1, 32, 0, 32, 0, 224, 27, 40, 0, 26, 32, 39, 0, 1, 66, 190, 224, 27, 44, 105, 84, 128, 40, 0, 192, 35, 42, 1, 192, 64, 226, 15, 196, 69, 207, 224, 0, 0, 65, 115, 160, 53, 4, 128, 191, 0, 0, 0, 224, 16, 53, 1, 132, 0, 32, 0, 128, 94, 224, 21, 40, 1, 133, 0, 32, 0, 64, 40, 6, 235, 81, 134, 64, 191, 88, 172, 224, 16, 81, 0, 134, 32, 39, 96, 40, 0, 0, 224, 22, 81, 1, 135, 0, 32, 0, 64, 81, 128, 0, 225, 17, 129, 1, 39, 0, 32, 0, 128, 40, 72, 80, 1, 128, 191, 129, 2, 1, 128, 191, 66, 29, 0, 0, 96, 0, 128, 9, 0, 54, 64, 11, 128, 40, 64, 0, 192, 81, 164, 253, 33, 19, 0, 128, 132, 153, 1, 1, 254, 32, 47, 160, 40, 224, 21, 245, 1, 56, 0, 32, 0, 224, 32, 81, 0, 2, 32, 1, 32, 0, 227, 0, 92, 2, 239, 238, 110, 103, 162, 64, 7, 32, 125, 96, 0, 32, 121, 32, 179, 0, 129, 64, 11, 224, 3, 87, 64, 15, 1, 0, 0, 136, 222, 64, 0, 32, 37, 32, 38, 0, 130, 64, 10, 128, 38, 128, 167, 224, 5, 69, 1, 131, 0, 32, 0, 64, 114, 128, 34, 5, 64, 194, 0, 0, 144, 66, 64, 34, 3, 40, 92, 15, 62, 102, 194, 1, 0, 127, 32, 3, 160, 30, 5, 0, 0, 171, 170, 42, 62, 64, 30, 2, 224, 122, 148, 160, 30, 1, 128, 0, 64, 0, 128, 62, 64, 0, 224, 7, 128, 1, 126, 0, 224, 15, 0, 64, 118, 224, 3, 0, 64, 87, 64, 0, 224, 59, 23, 227, 7, 27, 192, 91, 33, 19, 33, 20, 0, 90, 64, 102, 224, 17, 178, 0, 94, 224, 21, 30, 0, 98, 224, 21, 30, 0, 102, 224, 21, 30, 0, 106, 192, 30, 7, 108, 63, 5, 66, 80, 26, 219, 194, 224, 5, 154, 0, 110, 192, 30, 128, 0, 224, 7, 185, 1, 114, 0, 32, 0, 224, 17, 185, 0, 118, 32, 29, 224, 8, 30, 3, 32, 133, 107, 190, 32, 246, 32, 247, 1, 122, 0, 224, 20, 0, 225, 21, 52, 0, 91, 64, 59, 224, 17, 122, 0, 95, 224, 21, 30, 0, 99, 224, 21, 30, 0, 103, 224, 21, 30, 0, 107, 192, 30, 225, 13, 52, 0, 111, 192, 30, 128, 0, 225, 7, 52, 1, 115, 0, 32, 0, 224, 17, 185, 0, 119, 32, 29, 224, 18, 30, 0, 123, 32, 29, 224, 18, 0, 225, 21, 52, 0, 92, 64, 57, 224, 17, 122, 1, 96, 0, 32, 0, 224, 17, 30, 0, 100, 32, 29, 224, 18, 30, 0, 104, 32, 29, 224, 8, 30, 3, 120, 20, 174, 62, 33, 236, 33, 237, 0, 108, 32, 29, 96, 30, 225, 13, 52, 0, 112, 32, 29, 96, 30, 128, 0, 225, 7, 52, 1, 116, 0, 32, 0, 224, 17, 154, 0, 120, 32, 29, 224, 18, 30, 0, 124, 32, 29, 224, 18, 0, 225, 21, 52, 0, 93, 64, 57, 224, 17, 122, 0, 97, 224, 21, 30, 0, 101, 224, 21, 30, 0, 105, 224, 21, 30, 80, 237, 96, 123, 225, 13, 52, 0, 113, 32, 29, 96, 30, 128, 0, 225, 7, 52, 1, 117, 0, 32, 0, 224, 17, 185, 0, 121, 32, 29, 224, 18, 30, 0, 125, 32, 29, 224, 18, 0, 64, 87, 64, 3, 128, 0, 224, 7, 122, 46, 238, 192, 30, 70, 11, 1, 128, 191, 228, 5, 87, 1, 66, 0, 32, 0, 224, 17, 61, 0, 70, 32, 29, 96, 0, 236, 2, 80, 0, 216, 38, 12, 1, 16, 67, 224, 5, 70, 0, 58, 96, 36, 1, 1, 1, 64, 21, 75, 141, 64, 81, 64, 3, 128, 0, 224, 7, 147, 102, 147, 128, 30, 224, 11, 147, 1, 67, 0, 32, 0, 128, 30, 64, 0, 224, 7, 61, 1, 71, 0, 160, 0, 224, 22, 147, 0, 59, 96, 38, 224, 31, 147, 1, 64, 0, 32, 0, 128, 116, 224, 11, 147, 1, 68, 0, 32, 0, 128, 30, 64, 0, 224, 7, 147, 1, 72, 0, 160, 0, 224, 22, 147, 103, 180, 224, 32, 147, 0, 65, 32, 43, 160, 116, 224, 11, 147, 1, 69, 0, 32, 0, 224, 17, 147, 0, 73, 32, 29, 96, 0, 224, 22, 147, 49, 209, 32, 0, 225, 1, 39, 135, 103, 0, 3, 33, 164, 200, 230, 224, 2, 11, 1, 192, 2, 224, 2, 23, 224, 2, 11, 0, 128, 128, 35, 67, 192, 64, 0, 224, 3, 149, 128, 79, 0, 0, 167, 99, 64, 0, 36, 134, 36, 135, 0, 44, 64, 10, 224, 27, 40, 0, 45, 224, 31, 40, 0, 46, 224, 31, 40, 0, 47, 64, 40, 104, 88, 64, 156, 66, 180, 64, 7, 64, 188, 0, 17, 32, 23, 224, 27, 147, 0, 48, 32, 39, 224, 28, 40, 0, 49, 32, 39, 224, 28, 40, 0, 50, 32, 39, 224, 28, 40, 0, 51, 32, 39, 128, 41, 195, 105, 64, 7, 64, 192, 2, 0, 0, 240, 99, 207, 13, 0, 0, 13, 98, 101, 133, 1, 0, 0, 0, 0, 0, 0, 0], child: Some(
        DSINValue { header: "DSIN", id: 1, data: [1, 0, 0, 0], child: None }) }) }
